100
200
73 98 11
53 84 1
50 73 7
46 94 11
55 97 23
2 49 30
21 35 14
74 95 50
5 67 25
73 80 7
9 17 13
73 84 31
64 73 19
68 74 36
75 99 31
11 75 19
10 79 18
24 97 25
12 96 4
14 17 36
14 44 9
12 28 45
43 51 11
7 13 39
51 60 23
32 99 46
17 79 49
50 62 39
53 80 28
1 47 39
41 53 23
1 40 7
9 41 9
14 55 49
10 86 50
48 64 37
2 54 44
59 73 13
11 73 37
47 86 11
8 50 18
13 21 50
8 29 15
60 99 20
17 24 11
52 85 24
33 88 11
62 66 28
53 59 10
15 38 29
84 99 33
30 98 35
25 73 20
67 78 49
74 78 33
30 90 23
21 71 10
13 59 35
11 16 45
80 92 26
4 82 45
27 37 11
33 81 24
89 98 34
48 53 22
28 57 3
49 83 18
42 94 42
17 28 26
2 91 20
48 59 27
62 70 7
6 36 32
4 76 41
70 82 37
63 86 2
31 91 8
1 84 18
29 84 49
38 55 13
22 35 48
89 97 39
67 75 1
19 70 45
9 59 6
15 75 31
40 84 42
37 54 28
74 93 36
46 67 11
3 45 6
16 17 35
4 51 5
33 38 42
16 24 7
9 82 42
81 98 27
65 100 5
59 62 10
70 76 20
4 16 42
70 83 46
94 95 17
53 76 12
39 56 5
32 87 5
12 30 41
32 34 5
51 64 11
45 92 28
28 42 25
22 99 28
54 66 23
22 85 33
4 61 13
15 43 44
64 88 26
20 55 20
17 53 33
58 63 43
26 72 36
11 55 32
6 24 25
25 77 16
46 54 34
43 97 5
47 64 7
45 75 4
43 60 22
47 74 27
42 67 41
15 100 46
49 85 11
83 92 6
22 100 40
2 58 40
38 93 4
1 4 37
57 63 19
23 29 7
55 83 6
94 99 32
52 69 10
9 97 18
31 46 28
1 79 13
24 40 22
64 87 8
29 69 6
71 86 50
58 69 33
16 85 29
54 73 1
56 61 42
41 92 27
37 65 48
10 77 30
60 63 4
2 5 3
82 98 48
1 20 22
72 96 35
37 57 35
5 98 10
63 76 33
21 40 46
6 47 30
14 59 31
13 32 27
30 100 2
42 87 20
7 83 19
58 71 14
4 70 30
34 46 5
9 32 21
6 44 18
44 54 26
23 78 12
30 92 20
79 84 4
76 98 29
13 61 8
14 95 20
15 59 8
21 52 28
2 92 11
42 45 8
42 75 22
36 55 24
63 95 25
24 62 43
67 83 36
15 82 25
34 77 44
12 32 12
60 82 13
18 32 26
15 57 48
40 65 16
