1000000
1000000
999999
999997
999997
999997
999993
999993
999991
999991
999989
999988
999986
999985
999985
999985
999984
999982
999982
999981
999980
999979
999978
999974
999973
999973
999973
999972
999972
999972
999971
999971
999969
999969
999968
999968
999968
999966
999962
999962
999961
999961
999960
999960
999957
999957
999956
999955
999954
999952
999950
999947
999947
999946
999944
999943
999942
999940
999939
999938
999937
999937
999936
999935
999935
999933
999933
999931
999929
999928
999928
999928
999927
999927
999927
999926
999926
999925
999923
999923
999922
999920
999920
999919
999919
999916
999915
999914
999914
999914
999913
999913
999912
999911
999911
999910
999907
999907
999906
999903
