1000
6500
808 250
74 659
931 273
545 879
924 710
441 166
493 43
988 504
328 730
841 613
304 170
710 158
561 934
100 279
817 336
98 827
513 268
811 634
980 150
580 822
968 673
394 337
486 746
229 92
195 358
2 154
709 945
669 491
125 197
531 904
723 667
550 25
802 854
978 409
229 934
299 982
636 14
866 815
64 537
426 670
116 95
630 502
518 196
106 405
452 299
189 124
506 883
753 567
717 338
439 145
502 898
872 829
138 359
178 398
295 905
610 232
746 176
636 299
143 400
969 413
261 558
595 9
396 969
114 531
7 963
943 366
83 853
768 822
696 713
672 902
591 832
739 58
617 791
641 680
336 7
973 99
96 320
455 224
290 761
906 127
124 507
814 771
239 95
221 845
367 535
227 395
364 739
845 591
551 160
624 948
386 218
273 540
248 386
497 886
624 421
145 969
736 916
626 535
43 12
680 153
245 296
819 397
693 816
992 34
670 398
554 548
826 211
663 212
809 378
762 626
336 869
996 777
768 440
875 332
557 302
873 561
95 985
756 790
408 16
194 770
681 456
856 507
964 503
677 109
250 332
845 639
809 998
652 850
204 732
532 15
420 776
10 181
930 224
55 261
738 546
318 526
201 257
565 598
649 705
551 151
977 413
555 798
505 382
749 66
379 700
210 130
554 484
448 608
774 323
306 177
54 225
631 367
401 445
371 286
17 899
156 134
558 577
179 267
358 712
879 615
820 738
134 592
721 763
634 198
32 589
590 874
878 305
359 201
255 961
916 948
481 731
956 547
108 239
1 927
36 858
114 115
594 361
355 419
358 586
730 16
564 103
918 644
420 968
748 270
396 304
474 104
749 386
659 460
407 931
825 133
974 604
898 921
951 232
481 204
901 521
534 259
4 677
951 935
781 880
833 575
550 543
250 772
311 880
984 971
41 724
651 972
230 319
747 300
231 622
777 125
245 959
697 772
65 561
599 752
941 504
552 802
206 81
419 275
650 414
321 26
13 784
789 118
9 551
325 196
258 512
691 667
411 594
554 566
961 743
404 353
308 142
911 201
800 128
172 788
415 626
642 518
349 843
316 975
446 374
221 912
240 55
306 930
254 190
167 357
305 861
899 593
721 117
581 868
353 940
699 902
812 617
892 672
729 672
662 46
121 241
159 454
628 351
712 564
595 534
728 828
796 532
443 517
7 516
925 602
98 662
104 325
109 937
282 16
711 217
906 974
782 721
792 170
866 828
537 729
126 385
168 950
477 47
577 667
468 521
385 992
211 259
212 745
519 719
935 826
768 690
819 15
826 919
29 30
35 728
241 755
541 397
936 84
49 866
12 253
65 877
238 676
246 711
416 193
711 748
38 300
448 716
694 580
130 165
980 502
526 290
959 34
801 90
671 218
847 39
544 339
937 322
720 497
248 789
360 988
36 236
913 685
990 785
735 668
520 616
46 977
662 826
820 632
904 699
799 640
5 504
680 766
392 108
925 366
122 455
107 451
704 833
33 142
655 978
218 901
290 466
748 623
880 318
517 49
763 30
40 709
904 658
762 753
467 622
558 997
956 931
495 556
222 313
294 428
233 445
792 199
153 857
571 304
440 915
800 767
836 922
44 753
87 720
151 411
624 670
606 944
312 432
993 817
700 972
640 371
837 892
858 834
329 178
411 684
177 490
92 435
712 905
27 892
791 523
365 891
885 814
442 128
180 785
538 871
562 582
166 803
733 333
855 760
848 378
463 11
820 151
378 942
837 721
300 113
760 957
391 153
49 15
45 919
151 102
296 822
732 502
246 962
58 511
929 806
174 138
670 97
504 422
676 519
301 490
263 55
264 644
890 251
736 416
365 495
964 759
653 93
317 715
421 61
451 369
742 848
197 788
502 235
129 572
449 876
254 872
330 294
720 472
821 765
80 631
411 81
114 343
139 383
45 829
394 576
981 1
597 948
371 88
544 734
853 262
825 401
381 779
858 424
499 15
846 663
510 611
850 219
291 56
744 556
386 535
276 322
152 227
252 460
784 715
438 880
699 101
138 286
879 285
343 916
961 68
141 708
567 729
563 364
970 891
624 279
314 762
11 841
979 1
395 508
657 552
787 432
545 740
777 585
253 109
515 455
20 29
672 371
664 948
25 544
855 9
982 553
289 164
360 20
380 357
462 488
354 900
789 245
881 467
284 275
237 910
568 835
940 685
652 550
267 468
111 590
328 774
582 296
937 875
436 232
973 29
799 71
588 298
90 647
91 112
613 464
113 782
952 231
322 214
129 951
601 960
755 993
195 331
633 560
778 780
633 273
384 82
154 623
522 957
819 592
901 197
121 705
600 130
145 176
871 417
600 81
619 289
453 129
801 663
841 150
386 584
516 660
879 960
562 383
49 55
441 382
771 29
252 545
870 596
470 711
173 924
126 220
851 432
244 847
870 671
395 611
393 65
525 362
520 621
563 662
726 435
950 91
323 261
94 929
123 382
367 469
24 723
640 518
794 365
179 957
772 342
356 837
490 729
121 903
313 617
348 947
852 673
812 524
737 606
608 634
867 554
413 926
41 154
258 734
296 140
252 259
695 161
139 930
876 599
293 634
563 277
237 647
874 465
485 193
120 843
329 860
263 146
717 128
173 749
1 371
399 293
546 929
301 144
193 564
784 273
802 10
222 487
514 770
532 358
820 487
857 817
255 755
815 616
538 967
298 878
761 413
192 232
175 464
878 325
785 834
751 528
1000 430
610 145
365 452
813 980
135 408
584 601
260 311
754 892
322 226
254 930
97 554
662 859
492 964
921 769
688 527
473 220
642 205
952 93
446 371
475 963
177 318
827 414
345 572
980 36
130 289
849 979
618 724
839 509
930 927
969 807
200 256
830 277
489 897
820 865
138 417
319 492
684 399
121 749
962 652
19 978
947 662
479 229
64 236
507 309
969 680
120 324
678 393
954 979
854 296
272 476
205 963
33 820
532 36
469 469
611 235
271 779
266 46
280 76
328 688
364 38
767 535
84 676
185 556
157 400
665 94
887 634
925 48
768 666
911 683
806 315
653 242
586 592
807 761
961 913
404 431
86 201
586 468
485 989
201 687
101 496
200 103
429 184
918 137
803 490
579 726
790 723
596 606
320 692
722 775
515 863
707 284
627 420
802 331
645 376
259 463
132 737
721 309
25 948
509 412
398 1
315 897
1000 646
534 963
540 755
822 287
537 11
663 174
494 636
989 572
839 822
892 414
561 958
93 744
776 769
414 416
637 892
348 370
833 135
929 144
880 907
55 808
538 204
422 448
35 950
417 760
939 551
184 187
97 686
525 923
364 182
13 252
203 496
537 455
209 981
32 831
96 715
113 137
938 10
686 920
382 611
909 610
440 868
120 267
1000 521
516 578
923 143
981 882
886 31
326 437
995 946
603 234
481 457
835 518
882 782
459 806
993 161
652 202
543 945
636 556
873 444
323 14
442 782
780 519
161 730
956 83
365 33
314 196
329 505
856 712
882 611
905 552
617 762
865 406
123 114
944 637
119 995
189 744
640 503
344 71
220 213
318 933
783 98
860 74
591 820
11 912
16 979
543 46
271 563
9 984
100 710
214 551
952 666
503 618
954 300
917 585
870 443
504 516
330 258
383 265
353 155
527 28
756 260
953 387
423 130
787 550
880 199
891 604
687 444
828 586
199 588
818 32
477 462
564 215
384 833
723 512
792 872
143 734
554 31
381 705
916 888
111 682
559 787
434 41
660 937
563 939
755 527
527 713
596 622
178 342
159 55
21 198
728 452
463 333
938 805
58 406
908 944
259 540
344 698
282 966
458 606
118 413
625 185
460 300
217 741
852 847
923 894
616 50
362 650
232 797
124 697
445 251
239 432
360 936
266 802
388 438
949 121
425 895
776 904
990 287
846 144
258 333
262 579
105 203
32 221
687 631
644 368
649 845
318 750
126 274
864 417
681 349
980 958
815 706
190 308
906 528
615 716
309 898
450 496
30 27
867 399
986 663
519 854
580 204
384 724
560 222
175 35
676 703
437 280
916 751
14 851
493 949
84 982
848 209
707 179
307 268
115 911
471 359
618 947
305 657
664 638
899 735
657 509
13 114
281 725
105 614
74 963
980 378
270 148
632 754
634 740
521 195
598 425
872 959
321 949
19 402
518 393
614 581
357 941
595 869
671 464
650 135
426 872
892 651
218 11
655 526
902 495
393 35
971 547
188 122
566 590
972 866
161 111
776 110
695 324
535 475
415 495
424 876
78 358
628 223
575 173
840 40
184 418
531 891
607 897
13 896
939 517
322 685
228 579
461 973
488 636
582 527
195 31
296 259
420 213
444 313
707 629
594 927
227 727
734 982
297 393
62 10
378 125
523 241
53 816
181 293
152 53
974 678
418 627
466 262
740 850
8 720
431 377
826 582
328 660
498 194
226 830
823 349
554 880
469 228
425 432
278 407
501 273
602 931
699 78
550 295
128 653
60 578
671 152
225 85
21 16
220 178
696 896
665 601
119 118
724 618
755 569
588 576
914 123
158 717
583 143
963 9
441 306
171 407
202 720
621 963
318 136
753 895
236 611
832 364
852 848
452 111
550 448
235 749
224 89
772 933
960 257
346 703
724 890
820 495
887 108
393 501
947 402
366 745
757 475
918 776
696 867
865 492
792 941
757 60
898 98
310 564
23 86
900 520
721 393
149 54
777 877
834 798
194 904
9 375
767 304
631 582
187 726
670 426
159 186
400 422
115 261
57 873
54 854
776 582
556 163
49 746
453 471
632 401
264 548
920 371
202 960
583 580
997 30
502 657
931 582
421 363
152 46
171 455
158 94
16 809
862 967
174 879
87 31
53 27
380 711
433 952
773 302
188 880
609 538
37 203
479 124
89 575
510 597
124 763
124 847
880 156
675 723
432 658
972 580
195 528
657 37
217 348
814 585
258 861
558 601
237 514
534 476
911 163
267 807
109 508
174 538
897 56
225 467
409 834
562 558
572 577
115 915
290 736
860 639
695 461
928 344
843 456
122 712
581 613
810 691
484 546
439 435
939 765
482 841
551 119
176 599
275 688
843 589
821 783
806 735
221 47
904 621
851 976
363 343
71 439
143 116
736 178
735 268
875 581
391 697
7 882
44 273
356 639
976 621
376 987
198 306
538 596
784 496
177 884
83 828
152 600
306 952
378 7
791 596
397 662
232 726
607 380
471 25
358 123
54 474
281 504
84 935
583 858
564 42
638 830
688 787
952 95
623 631
631 155
507 220
718 484
140 914
693 640
145 69
84 430
866 806
388 941
288 198
680 569
364 901
1000 448
502 489
206 321
245 573
77 431
320 970
989 630
153 133
559 608
682 563
217 410
246 549
686 709
814 868
106 615
655 336
471 164
980 959
40 60
946 524
749 745
178 738
492 43
499 778
5 383
557 176
134 211
293 671
271 954
354 329
129 874
83 772
301 406
456 622
385 935
848 329
489 786
309 159
775 924
262 873
925 336
390 857
345 999
748 896
968 384
577 944
837 538
147 363
758 943
597 904
382 282
295 789
805 656
688 984
218 566
294 257
939 852
488 191
681 833
527 430
708 415
618 926
639 527
546 358
126 308
880 552
642 960
982 466
326 495
894 65
564 430
502 873
941 54
330 233
281 360
475 41
777 590
705 19
969 487
267 663
375 699
822 28
416 228
842 410
159 936
766 762
762 833
273 220
195 804
255 132
517 305
684 475
114 412
545 709
760 806
673 793
173 216
230 514
144 481
510 306
185 50
512 210
384 849
786 308
761 581
990 64
734 567
586 201
586 443
175 392
664 894
304 199
364 762
992 178
90 798
830 713
570 861
532 466
712 514
97 51
805 124
889 723
821 817
366 378
373 613
381 77
901 42
619 476
920 944
764 782
59 583
468 153
552 462
896 618
430 628
992 287
461 457
993 2
240 412
385 971
514 671
309 986
121 358
246 298
880 200
703 784
168 420
970 138
830 800
619 219
806 816
838 316
130 25
916 967
473 497
161 779
280 372
325 446
781 578
559 955
116 609
622 609
946 853
96 212
11 161
283 911
283 111
302 861
636 21
685 7
606 709
778 625
50 994
545 417
625 82
62 986
639 204
508 23
14 296
852 184
699 858
801 357
90 802
500 11
675 296
529 692
648 582
294 521
169 416
477 525
54 765
488 796
520 694
807 506
232 379
350 231
210 388
633 975
985 271
554 912
389 165
939 689
608 663
159 817
176 978
493 378
30 291
861 752
28 522
440 741
365 778
137 6
12 685
656 976
160 540
650 900
173 975
991 467
743 223
22 461
835 448
294 418
102 366
249 775
333 389
766 259
3 311
720 311
438 993
737 849
9 751
934 320
38 633
695 594
11 812
906 459
208 554
575 665
908 803
815 870
440 515
88 596
449 68
314 868
561 254
671 884
957 369
227 401
323 438
200 572
897 418
342 159
436 889
472 874
108 921
293 194
553 190
14 829
604 199
418 551
989 547
44 366
689 812
767 444
639 5
168 758
123 47
332 704
121 28
465 952
206 730
843 417
189 151
686 303
674 46
398 116
253 389
387 529
718 623
724 327
197 662
80 885
843 891
598 629
312 344
545 453
926 239
73 388
458 516
328 762
783 978
145 229
814 536
902 240
724 324
965 992
459 960
344 749
528 453
134 9
542 122
900 470
731 382
577 214
508 155
399 470
416 681
648 828
476 789
187 865
248 707
39 628
703 332
80 758
147 728
441 739
442 843
503 466
370 12
909 503
844 374
81 837
3 565
971 402
588 41
109 956
206 788
415 402
666 1000
160 458
391 44
883 483
904 240
185 262
605 433
28 785
525 857
415 708
949 609
905 988
836 733
137 758
526 565
955 329
234 624
231 245
371 133
305 286
680 165
656 127
680 411
721 591
502 225
350 968
803 711
505 764
161 965
929 928
102 601
383 545
986 70
824 856
769 679
928 870
275 422
238 558
321 790
813 243
684 803
542 153
68 988
289 108
34 833
282 504
233 428
751 986
971 20
24 866
575 218
819 794
201 535
792 358
120 546
794 613
80 970
519 831
499 550
658 191
769 809
427 873
653 118
994 612
442 732
708 269
764 802
923 738
259 979
47 195
164 584
911 85
774 788
233 770
308 763
485 149
136 631
699 595
627 51
135 816
69 592
600 372
570 602
397 411
874 593
12 129
901 513
380 540
70 852
415 865
885 612
645 992
128 442
400 398
496 7
292 912
539 883
454 319
124 4
981 809
874 938
181 900
294 250
144 819
947 76
776 282
777 331
336 129
449 198
163 662
248 338
815 196
631 808
857 326
344 667
16 851
143 76
524 866
13 30
381 974
158 557
224 354
7 953
377 363
939 212
267 295
310 683
397 10
297 645
736 766
659 4
904 405
847 956
951 176
628 964
153 712
785 988
117 278
252 291
684 221
1000 791
243 312
837 263
661 270
715 279
67 958
900 851
20 299
644 969
177 502
47 489
721 482
250 712
348 845
477 797
79 257
237 663
640 640
480 488
267 101
607 92
357 899
347 871
634 2
591 385
59 128
595 987
98 90
236 728
969 501
465 541
789 211
884 224
832 624
157 715
813 170
753 163
882 936
236 672
425 71
867 594
129 627
334 200
304 127
689 242
490 420
682 416
924 799
453 269
962 890
502 184
994 421
614 43
27 251
957 433
307 893
965 903
907 91
720 303
135 276
993 433
595 770
44 948
428 796
965 794
167 95
485 559
322 667
871 743
593 155
130 546
548 273
781 797
698 247
541 107
401 644
782 415
776 218
303 893
12 869
276 138
799 433
738 767
587 693
505 961
460 616
396 386
282 64
269 565
79 426
505 116
527 587
741 724
909 551
60 421
98 80
19 318
158 31
722 52
72 529
23 600
953 257
750 77
705 649
688 634
15 658
60 211
277 801
17 171
73 556
443 787
915 587
130 284
588 588
732 660
586 200
720 572
270 704
654 597
442 299
149 238
227 22
929 995
564 328
748 199
932 191
891 331
130 308
184 540
375 434
147 490
132 872
156 37
480 147
85 877
875 385
386 888
546 250
901 987
309 414
913 528
951 643
186 972
350 855
969 261
597 760
674 299
686 949
620 168
105 134
430 791
95 967
32 412
270 759
400 758
746 424
656 776
221 677
976 86
769 593
568 825
145 787
191 114
326 239
744 704
313 612
897 873
64 897
828 366
704 220
244 872
601 250
530 739
798 966
917 444
780 948
649 178
149 581
561 139
993 762
518 77
589 543
146 105
780 470
676 466
754 716
541 170
28 702
157 511
586 694
707 594
473 816
300 506
447 954
38 150
823 121
455 823
847 460
197 129
753 217
658 877
300 194
904 537
264 436
516 120
622 494
153 345
516 877
624 981
10 938
924 886
743 442
758 803
699 244
163 386
335 993
124 680
84 895
387 553
194 278
610 455
68 569
599 151
53 855
433 509
402 191
142 345
195 288
175 332
938 583
297 882
273 183
434 257
237 531
416 71
312 334
547 446
521 598
827 913
15 834
502 178
984 536
946 367
871 270
548 585
782 333
642 282
502 248
224 816
862 662
233 27
741 563
965 760
578 436
56 824
927 60
924 866
940 647
668 722
84 952
674 44
587 600
418 862
794 156
615 295
917 674
208 202
381 59
805 92
845 382
964 199
593 491
721 955
430 741
182 961
556 183
980 966
496 416
251 889
790 426
458 187
383 46
715 694
643 82
313 997
967 367
791 62
490 660
636 220
337 993
324 782
603 806
628 619
106 664
93 139
550 934
109 737
232 497
29 710
545 218
937 437
310 540
291 815
5 869
57 285
18 276
666 913
611 460
189 349
634 833
735 907
651 211
708 776
421 309
722 508
200 958
462 208
191 711
601 137
579 239
894 116
916 573
648 344
752 340
996 627
615 686
420 81
99 857
210 490
646 166
77 152
442 974
816 745
747 4
284 541
134 254
887 853
813 669
283 388
569 563
705 597
813 965
810 46
17 710
362 32
513 12
57 961
1000 198
343 507
524 545
908 285
788 581
58 379
941 810
263 67
122 937
808 927
438 137
107 953
331 968
601 37
617 516
447 600
678 313
481 637
125 911
588 255
936 24
432 174
778 758
895 217
666 472
13 477
326 508
210 76
451 793
607 564
189 30
201 737
4 316
32 276
198 109
697 510
717 678
676 25
558 520
93 545
658 116
973 255
226 168
138 749
797 871
537 414
643 42
679 604
982 363
220 809
712 777
183 368
424 669
121 952
421 750
663 625
292 866
772 30
870 74
384 128
569 989
12 231
625 958
640 260
661 180
625 478
687 602
866 33
748 363
292 180
992 1
688 432
624 719
36 311
225 220
558 293
265 377
906 337
432 367
493 727
921 678
405 986
308 506
413 807
572 219
895 782
70 234
72 382
587 63
801 620
142 480
110 186
380 583
981 657
20 495
487 960
123 464
384 331
729 451
600 66
598 840
684 614
554 693
825 154
714 496
12 721
570 844
569 468
152 511
316 265
392 250
541 888
24 45
539 122
68 353
753 813
457 63
552 185
301 617
28 718
221 209
111 862
91 864
91 659
505 933
743 174
811 812
258 654
15 873
901 408
22 339
761 482
35 538
883 642
511 634
638 505
110 392
450 161
72 537
960 950
476 726
388 829
881 8
956 773
8 624
998 63
713 15
239 597
420 348
864 175
559 270
133 13
68 180
723 367
449 255
264 885
648 780
601 138
824 621
612 956
139 646
220 710
778 144
709 293
277 750
3 153
14 272
875 672
105 702
187 392
201 423
216 65
958 872
414 983
878 686
351 559
871 855
410 606
211 375
792 459
67 978
984 572
716 734
492 259
222 545
684 319
174 586
441 485
28 762
29 7
616 174
15 632
355 613
933 413
140 380
113 758
819 402
48 36
188 326
994 60
934 854
408 408
253 94
691 270
34 936
824 277
162 419
316 650
780 933
803 589
936 757
606 223
235 847
405 176
794 421
849 799
188 647
298 168
421 740
174 300
117 606
657 365
535 601
418 262
657 701
430 200
605 789
328 461
197 835
483 754
649 902
905 341
437 551
23 985
682 720
373 602
791 444
370 675
780 209
586 86
323 212
79 88
3 576
622 383
917 794
671 161
282 876
913 864
552 229
49 888
258 790
91 606
90 6
490 386
768 937
106 624
360 337
889 235
452 733
667 889
536 516
770 298
88 887
391 391
170 553
297 256
802 201
891 235
595 601
875 589
287 26
354 392
869 276
421 82
500 86
796 620
852 996
140 396
670 446
799 995
180 448
744 197
927 464
946 327
772 20
986 920
481 80
735 127
48 359
625 497
474 599
992 554
540 801
531 707
661 129
939 501
611 729
59 488
195 153
981 857
699 616
56 423
344 760
450 129
101 471
66 593
890 467
593 453
158 725
491 88
206 232
690 457
339 891
751 968
197 292
945 817
234 959
863 67
320 233
403 919
978 782
194 890
948 972
850 48
342 966
680 615
400 761
267 528
772 95
18 42
996 616
98 975
852 975
447 218
380 267
80 2
998 53
238 651
871 332
15 69
198 492
879 514
220 530
913 804
537 499
690 287
110 544
796 500
205 76
734 205
262 364
862 923
452 62
443 163
489 686
204 875
519 57
297 279
512 538
537 390
761 221
178 799
819 998
481 139
736 63
904 41
393 277
475 327
735 365
148 644
893 877
364 269
91 617
797 54
861 958
278 559
366 795
539 131
914 928
12 852
47 949
583 127
172 109
679 274
706 616
643 723
191 919
285 251
945 270
611 198
903 354
461 343
892 57
158 637
690 27
459 658
402 241
13 568
549 214
424 433
376 37
572 98
655 142
522 138
573 482
847 937
633 446
692 625
770 642
182 219
184 778
394 669
609 391
521 748
607 316
42 940
736 134
295 917
436 271
877 197
964 141
492 492
852 890
881 86
918 718
624 903
430 709
151 368
387 233
340 689
416 230
793 1
605 813
308 540
778 208
386 477
415 261
123 236
510 98
194 487
177 314
64 843
202 378
572 693
985 896
112 894
680 678
440 320
750 741
876 656
834 335
166 183
249 922
308 868
604 245
31 79
451 52
96 467
596 566
59 285
615 557
11 949
244 756
163 958
745 63
287 958
786 496
858 400
178 237
231 485
948 472
97 807
94 454
884 356
139 981
706 416
834 35
948 690
195 984
704 101
920 606
115 975
665 396
439 594
821 6
836 450
815 809
130 434
184 437
241 883
637 807
179 405
647 705
708 125
984 745
920 252
307 489
20 693
618 893
753 81
121 382
923 997
302 294
839 454
175 98
870 260
562 356
115 20
208 428
259 367
702 374
302 784
313 77
989 486
270 610
267 200
965 601
896 403
925 219
312 657
435 501
574 385
395 724
570 668
172 546
177 636
198 142
277 355
389 404
696 38
246 259
990 5
248 715
484 762
914 726
355 461
777 72
780 71
800 622
593 889
890 738
280 913
698 628
16 897
24 147
160 63
969 669
662 939
169 912
583 732
896 900
324 427
198 110
368 817
991 530
170 779
810 2
790 967
41 450
219 115
776 242
364 321
765 877
210 694
835 546
121 681
655 604
679 344
189 79
516 685
296 184
608 10
834 386
697 338
214 388
561 26
146 917
275 52
969 267
331 654
805 942
864 940
991 438
771 141
352 286
272 527
223 64
225 807
892 452
306 705
962 409
252 98
49 765
127 709
625 155
789 46
592 319
223 120
169 283
90 149
783 344
975 208
227 196
947 116
505 731
405 751
515 485
414 125
894 918
63 414
160 64
896 265
818 731
863 447
614 591
520 660
335 274
899 208
783 482
873 159
688 863
385 947
243 854
985 170
988 663
50 517
42 653
38 585
188 444
701 414
150 937
554 462
498 183
477 629
484 510
169 47
276 357
681 299
655 962
70 984
579 287
118 995
62 982
532 983
990 982
217 345
809 818
749 96
860 629
582 92
482 378
809 959
657 413
462 897
13 739
52 351
970 738
711 627
892 138
521 997
422 504
90 430
680 545
49 195
189 504
934 130
870 234
274 15
885 222
471 956
258 83
515 229
749 315
692 498
205 848
418 775
215 237
987 221
776 880
175 917
654 137
253 473
363 404
65 799
540 819
808 661
812 853
623 3
577 47
921 443
296 202
365 883
992 993
799 386
497 563
542 607
773 777
474 604
97 932
55 251
370 58
852 763
593 465
700 259
479 179
208 168
922 886
370 457
451 79
211 806
640 558
141 418
484 386
635 841
821 96
382 54
920 372
729 493
929 107
187 27
764 377
962 657
163 954
640 168
61 183
701 631
821 835
470 141
413 760
568 424
126 35
420 668
146 311
21 531
837 334
547 571
761 960
444 972
122 498
911 702
944 586
754 54
382 764
622 21
512 611
368 110
965 766
598 507
368 909
310 262
458 36
46 554
113 41
484 135
266 632
576 336
205 884
416 201
487 765
132 760
636 780
653 820
859 230
470 891
893 633
844 466
994 415
873 857
72 646
728 399
462 416
979 513
332 672
711 313
133 280
824 480
870 829
242 146
710 792
844 654
647 687
48 627
507 713
305 259
904 242
611 858
849 192
257 995
238 214
114 133
567 755
355 767
291 973
320 470
995 932
326 310
369 107
715 563
68 39
739 893
320 344
627 935
607 451
627 161
570 892
816 272
967 742
840 285
113 126
662 441
120 607
41 297
342 160
811 473
314 768
43 815
297 243
928 394
879 45
65 509
292 117
898 374
681 789
691 113
562 954
642 972
631 234
159 340
17 504
674 974
712 870
508 724
582 436
110 640
906 64
927 753
548 89
585 587
970 100
12 835
14 241
697 579
253 843
385 102
838 41
126 244
344 257
275 935
63 59
30 523
507 593
65 464
602 76
586 541
124 989
915 296
460 900
196 411
682 134
147 50
537 292
569 382
40 281
479 459
64 908
141 776
69 761
891 736
156 254
695 245
869 747
662 127
827 430
390 985
626 811
78 715
169 551
832 994
339 505
429 373
502 766
680 227
294 63
459 733
17 142
417 591
890 546
733 952
730 34
674 296
596 374
282 949
551 16
50 223
988 666
841 468
874 66
24 237
709 253
218 915
834 40
435 461
87 968
422 550
82 780
871 11
1 908
465 382
830 335
280 615
423 524
139 706
613 753
327 680
734 95
398 173
672 732
192 553
43 113
461 395
377 840
887 785
383 408
969 503
518 435
25 877
688 578
992 133
571 925
658 997
783 897
897 932
110 228
823 157
199 667
752 938
501 163
261 402
56 729
121 266
502 854
155 258
773 327
909 901
296 497
578 952
102 985
144 765
784 164
280 261
854 840
528 766
141 861
386 903
11 964
233 911
128 385
104 623
15 88
147 577
773 987
857 759
117 505
920 375
129 395
139 923
967 663
277 85
172 880
61 497
357 374
456 25
458 64
874 344
736 544
862 136
459 83
935 382
362 574
723 795
584 232
718 420
247 197
163 676
390 144
244 284
421 218
365 221
956 439
587 856
321 301
351 996
318 742
129 786
716 138
813 29
630 853
134 772
987 379
735 231
53 366
349 940
776 424
410 684
706 443
159 427
126 358
516 739
745 903
792 862
128 922
201 789
617 252
394 248
410 706
872 425
948 292
897 167
819 260
519 30
803 426
62 643
805 781
359 445
300 415
525 876
438 240
909 84
952 485
555 1000
396 980
505 424
191 119
155 619
762 14
341 839
443 12
911 337
643 174
682 41
126 581
10 778
924 876
411 966
326 766
614 13
870 576
208 584
147 548
927 365
275 929
317 307
923 312
223 782
170 341
414 733
292 941
391 14
760 447
517 408
552 859
421 510
321 957
201 969
640 296
241 537
570 525
390 646
818 206
641 699
398 474
547 268
686 189
799 481
675 614
23 938
284 629
515 164
759 743
785 741
646 788
720 113
48 600
251 809
377 907
777 94
493 476
824 54
451 388
826 39
224 164
665 859
249 786
264 721
625 431
501 994
394 869
505 270
504 644
550 380
939 711
644 761
347 544
755 936
630 791
902 367
79 34
888 288
395 92
898 931
460 932
184 327
201 328
648 151
928 449
523 538
676 486
380 576
64 207
751 402
748 647
874 235
181 992
504 375
562 613
66 859
150 680
923 508
582 50
550 158
212 195
935 732
249 434
323 861
223 514
109 182
247 32
296 898
388 525
828 493
618 277
268 212
298 356
303 919
569 224
149 525
252 769
393 869
964 145
749 628
879 444
981 444
959 17
115 234
597 375
743 636
282 432
246 201
392 521
508 73
954 334
230 303
382 633
995 366
539 798
849 255
641 512
419 391
210 85
764 551
441 824
868 649
720 399
118 158
198 830
996 764
335 355
245 405
271 106
15 937
810 732
171 334
698 165
70 140
529 991
543 864
418 111
818 208
425 205
837 878
758 511
588 985
820 252
611 558
815 876
621 222
856 496
855 19
471 563
887 553
392 768
272 89
424 864
323 192
969 233
594 707
875 970
942 661
222 395
868 219
337 625
120 885
235 946
500 476
187 686
103 122
879 666
620 930
669 19
660 18
527 425
696 995
917 70
775 729
121 955
655 469
422 780
631 260
962 466
635 95
330 823
919 628
81 946
256 603
76 266
137 595
899 394
778 677
343 45
234 270
747 9
982 893
209 406
857 970
687 228
731 293
396 662
317 87
278 733
73 57
545 89
289 835
138 158
812 910
534 877
271 311
692 252
22 732
831 711
24 76
589 728
444 501
320 818
152 980
504 82
749 297
611 345
904 5
788 245
736 384
82 374
862 947
689 932
435 845
492 303
63 158
82 104
166 970
220 800
263 77
197 949
309 179
310 541
728 268
440 240
895 676
697 403
241 543
917 88
129 330
72 685
994 884
489 313
107 702
261 6
409 12
694 865
728 106
27 394
204 821
326 916
52 115
447 473
735 545
910 494
676 384
872 960
616 992
594 196
975 196
513 653
857 47
146 467
579 326
168 279
767 261
942 413
132 902
491 134
476 299
796 18
265 507
136 691
70 833
43 67
72 490
433 877
220 609
54 217
568 626
567 585
328 34
711 95
566 874
447 780
342 294
187 300
364 694
903 5
460 148
909 451
341 905
708 949
485 513
195 834
94 303
154 100
511 485
574 108
99 655
291 328
219 70
816 977
236 323
705 490
506 575
546 382
288 857
364 494
55 750
746 335
870 368
688 268
10 463
498 109
503 818
155 555
984 45
262 526
804 506
28 744
370 669
45 171
819 776
279 962
202 346
840 732
858 461
801 858
65 856
37 645
138 947
702 732
484 875
165 736
51 214
330 471
741 617
400 613
958 370
758 424
873 785
363 136
284 676
973 372
665 826
964 93
609 21
263 839
534 246
4 117
24 746
420 191
259 451
959 163
705 955
205 417
119 145
921 196
624 296
787 979
807 678
918 387
964 857
189 864
280 74
993 705
376 238
227 287
218 95
408 576
327 609
170 995
470 372
827 287
742 670
311 546
514 108
979 629
279 646
79 723
775 451
63 637
652 742
953 888
245 719
674 771
232 204
656 249
393 886
584 395
490 890
808 562
287 652
741 459
535 695
24 62
540 875
533 402
181 592
333 192
406 940
512 344
57 624
290 525
914 910
182 761
506 676
848 171
939 810
796 293
631 968
53 829
556 907
252 77
879 242
424 618
257 861
421 338
908 420
517 249
340 232
526 855
657 812
424 710
485 4
259 707
769 957
67 923
860 110
125 680
265 21
439 261
176 398
364 229
664 712
309 10
833 532
49 18
806 288
587 372
787 547
259 829
220 720
17 958
100 494
833 61
976 221
632 550
474 438
277 35
181 329
890 453
271 456
444 244
560 517
935 162
118 903
359 846
799 91
246 810
360 377
379 238
216 590
728 172
358 577
857 471
573 374
813 512
83 994
271 818
306 521
147 664
825 903
808 718
106 968
616 769
1000 580
678 143
628 592
292 630
550 720
282 669
6 758
666 354
963 1
431 70
688 107
848 143
52 33
791 754
16 145
505 21
582 580
953 741
551 166
442 139
437 434
128 503
624 849
119 317
341 390
682 984
942 589
680 255
474 8
106 372
412 570
79 893
575 314
11 585
198 588
213 715
77 807
715 749
274 815
39 947
412 419
348 735
391 6
342 337
25 548
909 422
475 228
118 26
260 106
939 570
256 475
765 552
185 510
796 720
656 280
272 350
987 549
400 992
882 414
765 472
551 527
315 562
272 588
950 409
497 310
720 90
902 491
435 822
463 602
186 622
359 373
188 894
817 950
799 519
444 819
906 169
384 48
603 283
615 101
316 348
535 45
776 778
584 909
82 206
393 641
552 548
197 648
417 800
445 175
890 839
590 804
25 676
2 635
224 296
261 273
546 810
269 509
49 289
966 745
450 807
866 25
740 853
834 236
634 337
190 416
568 120
586 304
955 369
966 647
453 636
319 381
754 757
352 47
53 275
295 953
184 217
425 491
344 113
24 927
282 520
986 563
408 114
519 631
984 916
49 159
149 856
917 734
139 967
890 216
193 802
45 848
242 568
258 908
112 324
352 198
623 754
10 359
589 911
988 976
763 656
349 878
875 615
922 608
399 325
565 695
833 201
48 204
401 331
346 145
815 767
667 493
327 567
85 720
97 790
548 327
28 617
817 117
317 120
397 489
724 660
191 486
79 559
438 373
14 25
78 526
812 181
590 617
656 721
159 399
555 674
881 769
903 66
488 782
765 165
783 533
249 814
835 97
643 990
740 48
862 772
518 508
852 853
83 656
370 757
610 955
841 669
584 159
130 876
393 565
653 695
11 450
820 879
329 988
60 932
807 996
203 769
485 837
81 361
721 17
847 228
657 681
599 168
677 200
857 480
927 113
159 945
708 184
6 249
337 762
272 262
901 218
971 40
603 296
144 33
578 358
295 603
327 271
997 50
117 841
537 553
174 585
635 707
71 1
205 708
58 197
210 716
870 820
840 864
128 589
183 503
943 656
779 242
757 457
235 649
970 418
56 398
999 302
475 384
127 6
771 759
855 505
467 286
793 561
650 630
981 761
600 463
647 488
138 317
739 234
690 475
910 157
886 459
880 658
825 101
657 839
138 134
783 760
668 242
25 581
123 881
769 541
725 173
237 227
870 189
713 989
98 592
809 134
690 849
995 251
877 669
862 871
425 479
564 2
671 759
665 54
761 345
501 92
21 962
964 633
202 9
851 506
495 513
222 989
531 460
326 581
206 482
764 626
602 255
908 388
978 872
483 357
249 980
476 994
248 276
582 578
604 489
433 254
236 722
772 180
715 247
78 206
362 401
256 369
230 870
429 675
286 904
363 151
316 865
602 911
559 937
165 688
332 946
184 805
353 990
986 164
512 907
380 947
952 845
559 639
55 239
857 924
201 313
656 114
399 934
145 303
981 282
434 703
850 501
320 338
536 1000
780 943
970 33
513 907
949 252
965 774
885 897
887 728
145 725
215 268
200 469
136 595
7 692
21 211
389 961
294 158
852 730
264 632
462 262
280 507
172 389
728 610
745 131
533 338
455 621
133 112
232 980
269 307
54 688
915 12
493 479
226 706
786 278
563 594
235 809
639 856
421 676
205 461
243 730
823 814
605 877
713 774
75 198
654 60
559 871
137 864
261 57
621 836
555 827
664 573
374 335
904 225
267 971
155 76
943 504
967 189
168 387
591 671
781 671
231 170
693 188
259 647
423 643
838 765
329 836
123 648
460 917
220 781
493 241
612 427
766 125
973 806
83 744
493 363
518 801
829 360
431 196
65 789
855 35
406 860
124 839
847 663
747 119
874 264
657 510
772 801
314 500
715 641
5 989
688 506
395 757
211 546
418 140
837 670
185 17
580 217
942 741
582 355
564 908
68 206
896 974
481 968
929 51
630 842
871 655
336 329
81 247
612 252
892 646
251 1
883 183
6 920
688 139
129 547
439 97
832 746
688 661
843 603
437 431
534 219
195 699
606 127
928 289
800 712
914 8
938 86
471 285
969 575
251 68
114 933
800 223
673 556
160 970
188 482
312 891
258 602
767 872
887 314
682 148
954 871
440 851
17 846
195 324
669 73
219 545
150 2
527 926
430 180
945 297
50 808
780 974
351 214
449 357
179 188
506 704
583 8
44 324
523 757
135 312
898 598
379 898
935 167
116 412
579 901
321 89
949 664
864 435
418 864
103 313
213 778
161 229
274 870
696 269
391 83
437 824
110 198
230 395
703 115
408 697
732 269
670 619
201 324
740 608
881 66
475 218
657 535
303 513
959 361
755 788
56 67
634 463
167 364
312 382
122 587
92 939
558 136
439 874
282 294
74 623
109 569
15 421
94 987
382 154
41 336
857 604
473 866
380 965
720 413
900 34
54 211
808 228
230 897
417 401
590 923
390 558
97 371
231 60
152 726
236 828
708 396
750 244
904 886
410 923
923 38
192 136
882 199
503 985
885 890
66 864
918 688
337 361
573 686
280 691
650 399
504 202
687 960
703 937
219 75
585 510
753 270
272 766
600 686
985 526
496 35
395 530
553 286
307 414
852 662
78 75
194 782
152 446
849 298
99 740
259 588
546 476
875 450
161 190
153 722
123 567
707 21
772 89
75 296
653 265
101 988
722 9
650 690
670 847
101 80
991 83
674 391
756 369
273 576
756 31
5 248
514 697
398 296
880 145
234 139
857 422
17 230
885 7
79 621
641 738
192 130
693 371
146 268
645 554
372 231
132 306
711 122
536 556
164 454
220 14
272 665
299 98
256 188
484 862
232 942
363 635
916 557
450 788
396 327
143 121
206 779
129 645
271 902
790 872
859 354
675 563
390 819
559 963
44 294
943 407
890 296
80 450
841 487
689 563
281 794
916 946
204 529
132 563
355 877
706 302
382 821
187 876
820 322
503 773
800 492
238 987
567 244
421 330
400 877
114 880
345 836
997 333
998 83
47 884
236 784
116 122
327 424
248 216
629 729
388 371
345 8
300 735
763 848
217 486
462 25
935 822
260 585
766 307
71 819
846 148
878 658
173 293
869 835
374 617
555 874
349 4
912 348
644 680
518 176
203 730
570 979
29 755
244 562
494 333
841 199
104 193
665 482
42 777
878 72
876 185
423 24
902 828
775 14
831 430
166 442
986 325
784 362
745 625
441 371
187 490
922 629
393 799
726 264
378 812
273 886
732 245
567 358
353 525
44 774
785 471
200 303
525 574
798 549
674 255
994 726
922 802
193 870
638 772
400 634
98 53
715 802
864 955
848 73
747 348
111 493
252 82
63 974
607 964
404 754
140 143
670 511
695 762
986 598
836 719
798 953
271 85
422 374
61 115
635 87
440 249
743 627
574 549
911 748
901 425
914 170
426 903
910 278
367 295
417 38
752 640
38 768
420 871
190 551
449 67
445 65
472 990
921 679
534 154
402 403
32 151
278 255
653 852
386 384
448 839
260 538
817 743
972 988
234 523
113 375
141 422
213 986
993 183
785 61
469 573
736 966
178 721
293 787
259 210
488 19
550 397
851 262
301 42
999 4
412 403
29 688
963 839
859 956
623 188
126 451
881 517
550 976
983 479
45 898
890 978
593 131
832 43
362 813
775 986
605 941
95 775
27 955
32 126
384 70
901 138
393 186
40 510
939 494
424 76
128 550
830 500
696 862
205 189
692 386
993 606
32 287
169 937
629 900
805 823
450 921
74 884
794 259
890 103
694 953
603 901
303 414
981 841
105 87
277 249
906 798
906 351
926 956
789 485
738 231
679 127
622 857
415 504
286 96
732 910
964 597
711 830
614 156
254 135
415 102
800 638
677 585
490 404
888 672
21 514
533 886
346 725
483 211
719 421
946 833
769 635
191 936
285 533
941 422
933 651
793 229
197 599
795 412
788 50
784 278
865 232
529 919
394 857
614 458
113 547
226 676
128 734
203 711
175 256
547 517
392 713
397 266
595 183
921 29
767 995
318 540
96 143
650 562
777 525
942 997
174 890
156 420
92 144
134 981
934 590
859 165
456 861
325 957
308 963
490 630
693 385
82 412
396 80
318 103
625 109
833 331
335 508
127 315
391 558
238 717
46 504
608 254
481 463
504 630
443 741
921 838
41 986
880 29
512 650
546 227
136 746
120 573
655 34
320 427
447 648
675 969
995 763
448 447
538 572
5 814
485 477
798 515
874 653
778 862
555 783
26 48
707 788
693 840
666 204
528 404
671 543
866 168
978 895
595 462
153 238
59 207
301 445
468 175
638 533
572 419
595 180
723 372
368 760
870 940
425 477
247 340
424 340
793 680
477 799
73 837
317 63
967 105
99 858
739 368
550 328
553 34
917 149
814 147
979 57
873 974
979 666
595 68
709 588
374 555
516 8
34 336
702 996
550 940
291 280
666 653
698 490
372 855
57 407
156 451
63 749
136 880
193 700
673 558
653 631
684 7
18 562
876 577
523 303
551 45
492 728
740 755
189 166
124 985
751 433
824 752
154 170
850 513
196 334
944 380
788 501
445 673
544 680
954 457
17 722
923 525
397 568
149 204
858 576
405 869
522 984
225 399
435 703
100 757
679 404
35 64
380 13
391 93
133 694
9 660
442 254
788 88
240 267
352 377
551 658
775 198
775 484
765 840
475 350
13 686
983 440
157 752
573 139
749 78
896 891
474 807
876 203
137 143
240 162
622 649
283 40
630 355
407 78
143 419
267 780
219 687
597 440
257 7
765 297
22 219
410 342
288 194
588 787
376 153
558 343
74 731
667 492
778 618
962 750
643 821
346 180
917 716
185 472
6 935
662 862
171 435
276 945
258 479
939 133
157 660
584 158
905 226
217 297
364 845
2 586
610 740
380 314
308 135
242 244
640 239
236 173
999 525
588 216
355 597
984 835
223 976
835 544
155 11
639 835
321 854
518 307
293 819
475 197
561 758
679 227
237 21
877 616
718 720
784 66
351 707
708 172
640 771
178 372
658 343
557 376
241 303
963 272
519 777
397 22
963 280
40 59
825 157
724 189
280 199
803 727
881 100
707 886
10 246
293 216
167 470
879 965
312 77
976 281
244 631
879 91
995 348
186 64
624 253
712 360
409 740
828 629
803 944
101 797
476 239
92 185
264 833
540 467
789 268
265 833
945 569
359 812
632 878
630 553
846 919
14 792
556 578
606 301
823 531
501 142
704 863
891 197
912 377
206 155
547 681
1 391
233 150
458 658
237 433
523 202
73 515
942 945
356 209
815 455
814 799
948 97
626 81
78 562
70 972
867 778
23 693
302 767
613 2
111 725
927 271
800 567
604 533
79 587
226 717
537 151
940 945
499 594
525 611
106 151
78 313
235 94
714 554
458 929
326 976
251 726
451 481
953 560
184 930
648 879
46 191
103 792
43 101
473 903
928 861
910 649
32 101
49 106
540 213
249 372
353 175
835 45
490 7
946 535
919 601
341 35
892 60
768 608
598 881
678 500
555 46
5 86
157 990
54 349
224 199
996 92
440 284
501 241
294 846
637 72
670 688
426 981
94 188
433 662
311 440
558 849
486 898
185 907
162 41
146 386
851 413
484 247
549 399
800 658
128 893
780 867
922 101
484 452
606 400
874 949
661 386
356 656
696 121
755 452
153 667
378 595
422 152
881 27
104 583
753 845
21 103
6 597
371 289
506 372
738 80
667 763
732 408
204 371
848 392
88 988
313 821
86 739
743 6
961 323
270 959
38 948
776 202
652 734
665 653
750 36
503 735
591 470
475 703
491 275
222 151
530 616
890 710
20 408
518 873
569 285
697 567
228 830
10 18
668 288
660 248
561 87
919 133
745 813
954 267
497 156
928 804
97 48
561 515
259 564
701 188
497 815
701 592
566 429
333 151
976 282
341 159
776 7
559 416
564 151
372 640
312 754
16 837
220 680
461 361
553 768
107 996
882 149
959 870
251 738
894 606
265 956
100 762
446 583
37 415
941 307
58 895
78 198
326 699
637 153
413 87
20 102
598 76
608 844
249 852
554 629
766 908
449 234
586 497
577 745
81 873
21 747
238 867
628 750
606 734
146 347
724 444
203 480
273 620
647 617
597 107
858 538
887 684
315 838
707 743
252 796
59 996
473 48
200 249
371 716
154 923
916 523
195 195
374 794
513 37
162 436
105 280
113 109
275 894
622 52
69 149
849 918
353 15
903 990
416 397
371 749
140 254
429 343
267 246
449 155
849 585
436 831
97 215
290 341
449 651
334 941
487 510
426 525
464 369
941 635
640 219
73 140
72 326
392 195
123 725
446 147
195 570
260 39
715 804
316 723
228 748
792 117
664 199
759 306
52 677
393 166
10 492
217 130
248 34
57 883
283 179
849 215
959 192
138 792
809 437
336 128
97 513
470 114
193 245
127 516
483 748
654 191
163 634
568 732
733 598
589 932
161 770
33 912
854 650
674 108
866 462
561 927
647 170
979 65
586 971
884 228
534 242
233 361
458 386
497 962
416 398
782 18
889 350
294 378
69 42
893 814
967 1
335 21
131 439
916 209
256 842
192 379
256 661
415 579
431 562
857 13
716 649
451 96
89 344
428 502
389 689
742 990
906 625
232 422
932 524
363 710
15 780
220 167
354 86
316 66
407 669
238 510
540 667
44 217
996 109
289 803
419 618
540 266
469 384
748 179
808 363
478 108
757 669
449 697
420 139
145 670
86 875
907 97
50 77
490 74
635 165
43 415
88 326
727 289
202 784
54 446
3 993
387 317
198 289
98 874
8 362
546 181
509 622
401 785
697 697
428 571
192 516
223 620
430 991
746 920
893 321
993 883
629 375
157 313
832 584
935 902
870 5
949 771
81 733
221 660
323 410
491 582
42 541
788 282
277 1000
292 654
100 474
247 308
170 619
28 509
872 870
122 71
438 348
405 119
965 798
530 982
338 964
633 52
767 215
116 246
392 744
627 16
876 340
992 15
807 974
1 749
789 123
380 58
973 749
4 999
746 564
874 567
913 903
751 599
204 178
541 285
521 81
59 17
778 374
9 437
633 638
91 32
704 73
60 529
648 844
879 472
918 841
452 277
963 4
92 855
399 190
593 424
252 576
281 18
705 663
408 937
51 320
415 458
943 107
16 441
851 1000
469 825
513 562
255 842
316 317
598 456
236 967
166 41
843 157
767 196
965 916
40 396
658 398
830 891
802 491
823 508
404 834
626 856
634 199
904 293
753 986
284 469
746 742
642 541
196 605
133 545
311 341
486 166
792 338
615 535
177 726
21 293
435 870
336 527
877 510
646 211
17 315
535 789
814 743
774 809
59 20
736 725
778 488
33 742
169 161
964 844
265 788
7 758
431 386
753 899
129 414
986 91
775 26
686 488
167 383
669 371
559 99
821 395
90 196
29 102
622 541
857 360
593 439
683 966
181 90
433 256
835 158
194 921
240 598
978 730
796 936
2 236
290 367
627 869
901 496
251 670
622 703
233 320
455 477
998 686
218 141
717 279
34 708
756 650
858 409
3 547
309 855
620 426
654 358
683 281
419 881
307 935
987 502
781 167
677 629
553 302
609 668
882 587
553 628
554 872
30 197
372 744
438 624
969 194
789 664
869 196
835 88
838 723
767 412
811 877
183 117
225 69
504 442
917 774
810 630
58 862
908 609
828 33
579 20
245 645
272 674
872 240
655 450
312 66
241 373
782 269
121 80
381 879
77 904
704 617
306 330
913 821
79 920
866 394
307 407
232 468
233 684
351 391
409 180
480 773
421 438
708 986
419 212
375 831
490 189
627 21
21 133
547 664
15 767
664 834
920 824
963 295
98 91
43 977
395 159
748 166
333 442
160 933
625 142
2 757
800 673
433 892
722 548
892 194
134 581
427 880
228 258
150 888
754 306
554 862
300 53
661 918
856 620
420 294
708 579
340 929
575 865
808 400
381 757
665 730
975 383
89 452
790 994
795 322
37 300
147 286
925 178
625 881
726 130
953 160
385 262
901 95
100 689
339 837
222 9
1000 94
6 30
585 448
886 723
46 342
506 563
498 105
214 715
804 790
883 697
413 496
329 830
385 24
549 277
603 489
95 267
891 138
603 476
529 122
673 787
900 84
993 470
100 686
204 916
142 626
865 254
67 30
182 285
312 236
163 586
992 390
593 289
85 83
677 100
783 953
469 234
349 971
182 280
493 30
886 326
34 881
135 431
849 818
167 335
95 751
430 143
270 731
246 4
392 167
714 191
749 623
76 260
552 768
61 649
483 467
910 725
286 342
756 123
727 956
355 289
420 249
491 523
801 622
62 937
658 357
100 441
36 115
147 513
234 471
896 763
429 206
140 859
507 297
411 885
797 192
724 403
4 775
220 421
719 404
475 27
68 989
459 899
344 651
876 50
431 109
51 607
949 508
187 143
993 805
985 266
51 816
975 85
882 685
861 992
879 495
661 654
314 669
447 23
393 309
735 516
561 954
992 290
332 949
92 868
704 449
717 404
906 623
307 354
555 158
544 505
393 559
241 362
958 441
654 591
690 399
854 85
464 427
419 137
200 439
643 102
306 809
340 144
504 404
889 732
324 258
749 350
77 434
370 770
680 543
505 28
860 808
11 156
688 51
370 4
857 149
223 538
332 79
882 713
432 979
541 977
429 258
671 508
138 98
584 259
800 629
821 198
94 276
301 165
410 851
284 826
144 509
90 11
968 442
485 762
409 531
383 443
182 423
974 272
97 830
777 456
248 462
633 205
666 906
84 228
819 202
515 723
542 955
676 570
765 556
876 37
79 394
100 282
277 392
497 168
76 703
319 859
431 746
315 307
514 384
12 286
870 212
910 222
351 74
8 426
341 382
962 742
240 155
327 218
600 141
931 275
236 432
845 831
1 225
59 732
142 998
930 622
362 47
428 113
620 466
110 21
451 571
483 908
897 704
972 900
150 210
115 828
261 122
678 220
307 32
142 913
518 97
472 232
503 639
873 500
270 432
377 560
914 253
871 889
638 191
78 736
343 508
248 383
700 467
731 943
567 600
727 154
260 150
367 710
366 217
173 232
410 45
826 165
788 277
811 117
481 268
986 951
838 796
50 257
821 718
400 93
152 551
22 85
418 253
879 790
599 580
750 890
234 38
702 962
731 460
536 573
980 104
258 721
980 802
885 19
350 403
764 172
678 786
810 380
546 572
903 69
775 683
409 6
967 263
127 778
954 111
980 292
783 191
102 343
2 884
816 351
417 937
201 553
75 83
6 847
349 599
234 1000
911 341
71 786
819 182
599 558
322 537
912 141
820 346
449 486
865 528
737 521
581 387
511 112
823 278
761 930
548 868
890 502
717 138
679 917
194 361
596 19
164 619
491 265
50 776
898 148
688 754
203 500
160 27
587 789
619 935
442 520
242 991
112 773
759 333
993 651
803 82
220 197
241 861
783 229
867 441
299 47
516 816
757 329
3 285
672 579
865 538
974 640
654 57
865 944
53 78
208 93
426 797
284 66
91 21
973 890
788 912
5 118
862 230
842 762
829 89
333 611
35 229
469 460
423 748
859 608
440 968
812 763
38 121
814 198
986 67
978 989
491 868
340 547
36 919
838 886
272 893
120 165
823 181
615 156
546 535
432 474
454 463
349 148
949 196
705 828
923 913
29 803
814 822
983 550
434 728
35 493
592 155
117 687
915 540
560 554
121 783
177 797
874 82
615 884
924 339
637 202
411 97
319 537
418 604
116 597
317 126
291 849
205 878
409 902
963 419
549 821
101 811
39 705
935 983
393 149
201 445
272 253
278 776
251 180
302 78
61 148
503 835
318 126
964 764
496 749
719 538
595 238
756 745
526 888
248 44
309 107
152 158
132 692
364 254
721 902
528 245
449 370
73 350
607 748
733 670
763 275
82 730
938 950
870 233
397 733
667 792
853 512
784 208
603 524
258 625
91 718
527 122
583 166
340 21
49 85
364 530
808 627
996 594
462 267
307 390
612 218
492 422
422 273
456 972
698 978
1 977
281 299
622 620
124 214
686 350
123 266
989 7
541 446
109 295
354 280
967 685
794 670
836 318
875 740
162 605
466 25
195 928
937 531
470 79
39 589
854 104
461 451
806 858
824 566
181 737
903 963
787 765
915 828
475 317
885 542
284 555
983 527
771 482
666 324
640 454
794 75
127 3
146 991
121 753
922 229
595 671
225 331
602 153
86 31
31 477
672 184
405 467
778 499
713 66
255 960
37 267
718 822
935 257
690 585
945 454
693 920
32 620
382 152
837 44
93 522
750 629
552 581
324 610
704 536
836 705
629 118
180 211
676 682
792 387
865 66
802 622
38 571
138 390
221 700
591 732
675 44
930 845
945 641
415 854
15 536
527 527
319 653
533 487
960 24
43 158
277 839
550 776
6 882
326 5
363 850
605 482
578 466
688 196
504 380
168 860
192 990
536 886
521 943
633 168
691 887
362 469
80 881
956 563
112 74
461 370
759 946
459 512
210 561
123 30
588 50
37 405
93 850
612 408
684 980
844 909
29 319
317 281
494 77
279 893
908 824
489 471
798 252
968 840
318 80
307 669
378 388
795 824
245 836
636 707
192 918
505 445
859 269
651 255
189 357
285 949
497 986
530 385
520 77
629 895
445 42
45 628
19 108
441 784
128 801
682 949
488 511
11 616
538 146
933 244
685 541
117 34
724 375
534 558
356 631
523 667
939 433
212 867
247 633
681 629
758 554
539 923
721 793
739 851
802 487
324 20
849 264
722 450
409 290
479 390
264 655
901 823
608 287
508 429
136 730
647 497
878 532
595 904
986 64
349 479
74 407
199 39
774 990
35 133
482 476
928 535
382 29
772 958
610 729
95 404
74 277
10 635
832 322
700 62
122 857
598 209
378 838
272 493
33 594
517 246
821 177
548 119
53 52
524 87
96 602
565 921
438 396
958 832
503 690
840 730
432 889
10 170
150 593
398 664
85 513
71 896
444 538
922 462
993 523
58 614
529 38
83 673
459 890
481 280
273 371
396 342
802 267
730 231
402 50
603 337
551 401
530 362
779 336
185 105
771 802
208 524
853 241
534 48
576 298
463 38
621 737
20 748
461 737
61 545
365 405
280 816
271 944
972 572
886 352
162 811
931 394
944 467
326 100
531 985
342 686
901 503
177 411
586 500
789 695
710 938
96 169
782 229
666 945
662 728
320 570
301 260
471 437
599 111
910 773
611 664
220 994
296 42
934 394
502 258
198 41
719 611
699 398
427 821
894 59
779 30
891 412
193 407
395 755
467 126
542 851
515 192
374 894
130 885
212 419
220 6
248 837
573 165
392 103
67 913
247 381
607 412
354 372
463 321
480 890
880 513
499 31
729 315
221 664
546 568
126 530
571 387
458 143
193 163
97 259
90 999
561 386
140 687
217 274
417 426
560 969
249 216
850 592
17 550
965 621
929 265
788 189
590 291
916 336
63 988
484 486
676 603
359 343
845 292
525 509
460 559
836 819
690 321
742 557
409 117
895 167
674 412
303 54
217 181
302 135
733 884
656 300
221 292
677 311
785 79
297 995
832 125
471 131
9 683
350 414
82 532
902 758
953 808
185 515
570 196
778 198
208 350
205 682
687 433
796 83
636 935
767 882
481 554
664 650
664 87
607 908
221 801
724 764
928 365
505 510
714 396
395 873
520 508
101 742
17 136
18 994
622 199
896 124
626 229
638 725
617 618
353 242
348 922
812 279
584 929
566 2
449 700
414 879
401 165
970 487
984 484
352 309
48 494
655 518
880 12
225 737
746 347
984 628
548 709
706 752
53 237
391 327
591 565
716 113
544 740
732 463
523 113
200 589
189 639
297 722
408 587
205 448
581 672
436 530
801 12
422 888
521 596
7 75
669 228
8 794
637 993
856 788
682 420
318 767
285 82
584 556
236 851
35 504
647 256
575 932
13 4
912 267
241 521
39 28
139 284
922 76
897 12
949 603
930 955
649 401
732 848
68 650
148 765
455 801
483 963
83 386
736 673
834 665
774 701
295 769
29 597
786 35
550 329
649 387
118 573
365 522
817 379
177 209
524 80
933 760
648 549
50 833
126 960
375 451
730 515
14 434
985 818
411 508
31 893
817 305
695 922
477 611
361 943
663 263
805 366
204 976
358 727
593 992
367 106
92 938
861 633
929 741
11 34
555 769
252 4
627 220
749 615
469 616
443 468
230 285
650 750
561 820
117 967
343 698
328 383
558 657
104 976
326 954
689 776
888 413
921 311
176 309
365 874
530 533
928 587
739 313
122 683
911 675
900 96
435 375
333 354
710 191
883 448
115 492
567 259
763 189
945 899
27 807
980 477
331 67
366 925
596 965
894 182
673 337
884 165
549 599
196 193
603 849
46 363
776 355
349 865
245 536
409 188
400 953
446 947
24 610
832 925
92 759
425 580
573 265
31 360
640 585
499 298
75 650
431 498
897 830
734 483
944 757
843 181
634 573
993 117
877 546
705 336
20 824
957 633
970 384
282 610
623 102
600 908
723 56
979 20
222 562
880 20
179 241
548 602
54 826
69 629
289 157
178 971
377 507
716 695
676 457
846 634
293 615
608 63
312 698
395 383
16 656
538 564
122 859
966 668
582 228
483 140
897 66
98 580
845 104
916 439
391 286
763 215
166 421
805 403
318 888
573 687
498 376
982 76
702 399
920 355
275 476
965 994
420 737
81 35
944 99
275 353
236 726
889 625
947 179
666 108
87 642
489 635
703 653
883 682
740 62
871 506
809 813
68 270
876 835
371 509
900 946
708 830
304 808
518 910
956 941
688 466
288 379
453 663
803 368
433 366
617 74
203 300
265 34
596 990
366 933
515 285
800 717
412 185
200 207
473 512
666 600
682 84
910 76
608 594
750 618
854 874
915 230
732 209
170 354
710 393
751 453
272 863
303 380
429 350
602 457
428 612
427 610
116 616
195 712
867 258
372 331
774 829
908 1
601 582
633 706
535 894
218 199
988 909
390 143
342 351
862 963
111 483
222 416
657 886
316 282
636 871
680 733
759 415
102 585
330 307
818 236
841 678
711 364
928 864
770 816
794 790
97 385
965 329
938 988
978 477
473 616
57 472
272 841
1 456
488 679
480 342
74 196
695 868
662 456
826 837
882 981
349 703
810 589
518 761
201 58
54 539
125 953
491 82
156 548
922 757
667 681
836 376
248 680
915 936
794 436
950 180
647 744
587 959
452 913
70 349
698 167
117 886
930 362
162 434
257 885
56 872
165 888
974 911
377 522
185 466
621 961
344 973
638 196
407 452
980 755
192 756
36 871
156 831
729 568
675 19
41 891
682 300
476 944
571 466
263 714
172 538
492 535
34 447
704 20
36 699
217 89
317 860
922 17
102 354
711 658
565 279
276 825
532 285
372 307
965 930
17 810
272 845
45 318
787 586
840 268
218 418
376 890
550 855
20 47
