100
4
8
60
16
20
120
28
32
180
40
44
240
52
56
300
64
68
360
76
80
420
88
92
480
100
104
540
112
116
600
124
128
660
136
140
720
148
152
780
160
164
840
172
176
900
184
188
960
196
200
1020
208
212
1080
220
224
1140
232
236
1200
244
248
1260
256
260
1320
268
272
1380
280
284
1440
292
296
1500
304
308
1560
316
320
1620
328
332
1680
340
344
1740
352
356
1800
364
368
1860
376
380
1920
388
392
1980
400
350
100
3
7
4
14
17
8
24
28
12
35
38
16
45
49
20
56
59
24
66
70
28
77
80
32
87
91
36
98
101
40
108
112
44
119
122
48
129
133
52
140
143
56
150
154
60
161
164
64
171
175
68
182
185
72
192
196
76
203
206
80
213
217
84
224
227
88
234
238
92
245
248
96
255
259
100
266
269
104
276
280
108
287
290
112
297
301
116
308
311
120
318
322
124
329
332
128
339
343
132
350