1000
4
8
60
16
20
120
28
32
180
40
44
240
52
56
300
64
68
360
76
80
420
88
92
480
100
104
540
112
116
600
124
128
660
136
140
720
148
152
780
160
164
840
172
176
900
184
188
960
196
200
1020
208
212
1080
220
224
1140
232
236
1200
244
248
1260
256
260
1320
268
272
1380
280
284
1440
292
296
1500
304
308
1560
316
320
1620
328
332
1680
340
344
1740
352
356
1800
364
368
1860
376
380
1920
388
392
1980
400
404
2040
412
416
2100
424
428
2160
436
440
2220
448
452
2280
460
464
2340
472
476
2400
484
488
2460
496
500
2520
508
512
2580
520
524
2640
532
536
2700
544
548
2760
556
560
2820
568
572
2880
580
584
2940
592
596
3000
604
608
3060
616
620
3120
628
632
3180
640
644
3240
652
656
3300
664
668
3360
676
680
3420
688
692
3480
700
704
3540
712
716
3600
724
728
3660
736
740
3720
748
752
3780
760
764
3840
772
776
3900
784
788
3960
796
800
4020
808
812
4080
820
824
4140
832
836
4200
844
848
4260
856
860
4320
868
872
4380
880
884
4440
892
896
4500
904
908
4560
916
920
4620
928
932
4680
940
944
4740
952
956
4800
964
968
4860
976
980
4920
988
992
4980
1000
1004
5040
1012
1016
5100
1024
1028
5160
1036
1040
5220
1048
1052
5280
1060
1064
5340
1072
1076
5400
1084
1088
5460
1096
1100
5520
1108
1112
5580
1120
1124
5640
1132
1136
5700
1144
1148
5760
1156
1160
5820
1168
1172
5880
1180
1184
5940
1192
1196
6000
1204
1208
6060
1216
1220
6120
1228
1232
6180
1240
1244
6240
1252
1256
6300
1264
1268
6360
1276
1280
6420
1288
1292
6480
1300
1304
6540
1312
1316
6600
1324
1328
6660
1336
1340
6720
1348
1352
6780
1360
1364
6840
1372
1376
6900
1384
1388
6960
1396
1400
7020
1408
1412
7080
1420
1424
7140
1432
1436
7200
1444
1448
7260
1456
1460
7320
1468
1472
7380
1480
1484
7440
1492
1496
7500
1504
1508
7560
1516
1520
7620
1528
1532
7680
1540
1544
7740
1552
1556
7800
1564
1568
7860
1576
1580
7920
1588
1592
7980
1600
1604
8040
1612
1616
8100
1624
1628
8160
1636
1640
8220
1648
1652
8280
1660
1664
8340
1672
1676
8400
1684
1688
8460
1696
1700
8520
1708
1712
8580
1720
1724
8640
1732
1736
8700
1744
1748
8760
1756
1760
8820
1768
1772
8880
1780
1784
8940
1792
1796
9000
1804
1808
9060
1816
1820
9120
1828
1832
9180
1840
1844
9240
1852
1856
9300
1864
1868
9360
1876
1880
9420
1888
1892
9480
1900
1904
9540
1912
1916
9600
1924
1928
9660
1936
1940
9720
1948
1952
9780
1960
1964
9840
1972
1976
9900
1984
1988
9960
1996
2000
10020
2008
2012
10080
2020
2024
10140
2032
2036
10200
2044
2048
10260
2056
2060
10320
2068
2072
10380
2080
2084
10440
2092
2096
10500
2104
2108
10560
2116
2120
10620
2128
2132
10680
2140
2144
10740
2152
2156
10800
2164
2168
10860
2176
2180
10920
2188
2192
10980
2200
2204
11040
2212
2216
11100
2224
2228
11160
2236
2240
11220
2248
2252
11280
2260
2264
11340
2272
2276
11400
2284
2288
11460
2296
2300
11520
2308
2312
11580
2320
2324
11640
2332
2336
11700
2344
2348
11760
2356
2360
11820
2368
2372
11880
2380
2384
11940
2392
2396
12000
2404
2408
12060
2416
2420
12120
2428
2432
12180
2440
2444
12240
2452
2456
12300
2464
2468
12360
2476
2480
12420
2488
2492
12480
2500
2504
12540
2512
2516
12600
2524
2528
12660
2536
2540
12720
2548
2552
12780
2560
2564
12840
2572
2576
12900
2584
2588
12960
2596
2600
13020
2608
2612
13080
2620
2624
13140
2632
2636
13200
2644
2648
13260
2656
2660
13320
2668
2672
13380
2680
2684
13440
2692
2696
13500
2704
2708
13560
2716
2720
13620
2728
2732
13680
2740
2744
13740
2752
2756
13800
2764
2768
13860
2776
2780
13920
2788
2792
13980
2800
2804
14040
2812
2816
14100
2824
2828
14160
2836
2840
14220
2848
2852
14280
2860
2864
14340
2872
2876
14400
2884
2888
14460
2896
2900
14520
2908
2912
14580
2920
2924
14640
2932
2936
14700
2944
2948
14760
2956
2960
14820
2968
2972
14880
2980
2984
14940
2992
2996
15000
3004
3008
15060
3016
3020
15120
3028
3032
15180
3040
3044
15240
3052
3056
15300
3064
3068
15360
3076
3080
15420
3088
3092
15480
3100
3104
15540
3112
3116
15600
3124
3128
15660
3136
3140
15720
3148
3152
15780
3160
3164
15840
3172
3176
15900
3184
3188
15960
3196
3200
16020
3208
3212
16080
3220
3224
16140
3232
3236
16200
3244
3248
16260
3256
3260
16320
3268
3272
16380
3280
3284
16440
3292
3296
16500
3304
3308
16560
3316
3320
16620
3328
3332
16680
3340
3344
16740
3352
3356
16800
3364
3368
16860
3376
3380
16920
3388
3392
16980
3400
3404
17040
3412
3416
17100
3424
3428
17160
3436
3440
17220
3448
3452
17280
3460
3464
17340
3472
3476
17400
3484
3488
17460
3496
3500
17520
3508
3512
17580
3520
3524
17640
3532
3536
17700
3544
3548
17760
3556
3560
17820
3568
3572
17880
3580
3584
17940
3592
3596
18000
3604
3608
18060
3616
3620
18120
3628
3632
18180
3640
3644
18240
3652
3656
18300
3664
3668
18360
3676
3680
18420
3688
3692
18480
3700
3704
18540
3712
3716
18600
3724
3728
18660
3736
3740
18720
3748
3752
18780
3760
3764
18840
3772
3776
18900
3784
3788
18960
3796
3800
19020
3808
3812
19080
3820
3824
19140
3832
3836
19200
3844
3848
19260
3856
3860
19320
3868
3872
19380
3880
3884
19440
3892
3896
19500
3904
3908
19560
3916
3920
19620
3928
3932
19680
3940
3944
19740
3952
3956
19800
3964
3968
19860
3976
3980
19920
3988
3992
19980
4000
3500
1000
3
7
4
14
17
8
24
28
12
35
38
16
45
49
20
56
59
24
66
70
28
77
80
32
87
91
36
98
101
40
108
112
44
119
122
48
129
133
52
140
143
56
150
154
60
161
164
64
171
175
68
182
185
72
192
196
76
203
206
80
213
217
84
224
227
88
234
238
92
245
248
96
255
259
100
266
269
104
276
280
108
287
290
112
297
301
116
308
311
120
318
322
124
329
332
128
339
343
132
350
353
136
360
364
140
371
374
144
381
385
148
392
395
152
402
406
156
413
416
160
423
427
164
434
437
168
444
448
172
455
458
176
465
469
180
476
479
184
486
490
188
497
500
192
507
511
196
518
521
200
528
532
204
539
542
208
549
553
212
560
563
216
570
574
220
581
584
224
591
595
228
602
605
232
612
616
236
623
626
240
633
637
244
644
647
248
654
658
252
665
668
256
675
679
260
686
689
264
696
700
268
707
710
272
717
721
276
728
731
280
738
742
284
749
752
288
759
763
292
770
773
296
780
784
300
791
794
304
801
805
308
812
815
312
822
826
316
833
836
320
843
847
324
854
857
328
864
868
332
875
878
336
885
889
340
896
899
344
906
910
348
917
920
352
927
931
356
938
941
360
948
952
364
959
962
368
969
973
372
980
983
376
990
994
380
1001
1004
384
1011
1015
388
1022
1025
392
1032
1036
396
1043
1046
400
1053
1057
404
1064
1067
408
1074
1078
412
1085
1088
416
1095
1099
420
1106
1109
424
1116
1120
428
1127
1130
432
1137
1141
436
1148
1151
440
1158
1162
444
1169
1172
448
1179
1183
452
1190
1193
456
1200
1204
460
1211
1214
464
1221
1225
468
1232
1235
472
1242
1246
476
1253
1256
480
1263
1267
484
1274
1277
488
1284
1288
492
1295
1298
496
1305
1309
500
1316
1319
504
1326
1330
508
1337
1340
512
1347
1351
516
1358
1361
520
1368
1372
524
1379
1382
528
1389
1393
532
1400
1403
536
1410
1414
540
1421
1424
544
1431
1435
548
1442
1445
552
1452
1456
556
1463
1466
560
1473
1477
564
1484
1487
568
1494
1498
572
1505
1508
576
1515
1519
580
1526
1529
584
1536
1540
588
1547
1550
592
1557
1561
596
1568
1571
600
1578
1582
604
1589
1592
608
1599
1603
612
1610
1613
616
1620
1624
620
1631
1634
624
1641
1645
628
1652
1655
632
1662
1666
636
1673
1676
640
1683
1687
644
1694
1697
648
1704
1708
652
1715
1718
656
1725
1729
660
1736
1739
664
1746
1750
668
1757
1760
672
1767
1771
676
1778
1781
680
1788
1792
684
1799
1802
688
1809
1813
692
1820
1823
696
1830
1834
700
1841
1844
704
1851
1855
708
1862
1865
712
1872
1876
716
1883
1886
720
1893
1897
724
1904
1907
728
1914
1918
732
1925
1928
736
1935
1939
740
1946
1949
744
1956
1960
748
1967
1970
752
1977
1981
756
1988
1991
760
1998
2002
764
2009
2012
768
2019
2023
772
2030
2033
776
2040
2044
780
2051
2054
784
2061
2065
788
2072
2075
792
2082
2086
796
2093
2096
800
2103
2107
804
2114
2117
808
2124
2128
812
2135
2138
816
2145
2149
820
2156
2159
824
2166
2170
828
2177
2180
832
2187
2191
836
2198
2201
840
2208
2212
844
2219
2222
848
2229
2233
852
2240
2243
856
2250
2254
860
2261
2264
864
2271
2275
868
2282
2285
872
2292
2296
876
2303
2306
880
2313
2317
884
2324
2327
888
2334
2338
892
2345
2348
896
2355
2359
900
2366
2369
904
2376
2380
908
2387
2390
912
2397
2401
916
2408
2411
920
2418
2422
924
2429
2432
928
2439
2443
932
2450
2453
936
2460
2464
940
2471
2474
944
2481
2485
948
2492
2495
952
2502
2506
956
2513
2516
960
2523
2527
964
2534
2537
968
2544
2548
972
2555
2558
976
2565
2569
980
2576
2579
984
2586
2590
988
2597
2600
992
2607
2611
996
2618
2621
1000
2628
2632
1004
2639
2642
1008
2649
2653
1012
2660
2663
1016
2670
2674
1020
2681
2684
1024
2691
2695
1028
2702
2705
1032
2712
2716
1036
2723
2726
1040
2733
2737
1044
2744
2747
1048
2754
2758
1052
2765
2768
1056
2775
2779
1060
2786
2789
1064
2796
2800
1068
2807
2810
1072
2817
2821
1076
2828
2831
1080
2838
2842
1084
2849
2852
1088
2859
2863
1092
2870
2873
1096
2880
2884
1100
2891
2894
1104
2901
2905
1108
2912
2915
1112
2922
2926
1116
2933
2936
1120
2943
2947
1124
2954
2957
1128
2964
2968
1132
2975
2978
1136
2985
2989
1140
2996
2999
1144
3006
3010
1148
3017
3020
1152
3027
3031
1156
3038
3041
1160
3048
3052
1164
3059
3062
1168
3069
3073
1172
3080
3083
1176
3090
3094
1180
3101
3104
1184
3111
3115
1188
3122
3125
1192
3132
3136
1196
3143
3146
1200
3153
3157
1204
3164
3167
1208
3174
3178
1212
3185
3188
1216
3195
3199
1220
3206
3209
1224
3216
3220
1228
3227
3230
1232
3237
3241
1236
3248
3251
1240
3258
3262
1244
3269
3272
1248
3279
3283
1252
3290
3293
1256
3300
3304
1260
3311
3314
1264
3321
3325
1268
3332
3335
1272
3342
3346
1276
3353
3356
1280
3363
3367
1284
3374
3377
1288
3384
3388
1292
3395
3398
1296
3405
3409
1300
3416
3419
1304
3426
3430
1308
3437
3440
1312
3447
3451
1316
3458
3461
1320
3468
3472
1324
3479
3482
1328
3489
3493
1332
3500