100
350
55 84
84 78
18 15
95 94
15 19
21 22
12 22
28 45
51 23
94 82
99 83
30 43
87 78
30 44
88 83
77 75
85 82
47 36
29 18
17 52
72 57
89 68
25 49
93 70
16 45
85 73
91 98
27 54
10 14
65 68
31 32
10 38
32 50
96 81
19 28
72 95
85 85
22 41
12 51
85 62
25 27
70 76
88 60
100 95
80 61
57 78
99 57
79 82
70 55
4 41
20 52
59 88
2 52
88 75
9 12
4 21
35 50
38 12
96 82
72 83
32 13
26 53
42 54
94 76
94 89
49 52
25 32
44 14
59 69
40 24
34 55
86 91
44 41
79 66
21 25
36 5
17 30
33 5
94 66
24 22
91 71
8 12
26 2
61 65
95 79
32 48
14 5
63 65
17 48
82 55
27 44
64 87
89 93
72 88
87 60
64 79
51 32
5 1
35 17
52 53
55 76
33 13
18 35
63 73
23 17
78 63
94 56
88 97
92 91
60 77
31 20
55 37
23 3
51 16
30 31
39 39
36 25
35 52
99 65
93 69
100 62
21 46
23 55
29 51
94 65
88 67
10 30
8 52
37 28
39 55
19 34
22 54
97 74
92 69
30 3
34 25
7 34
66 59
64 88
60 85
16 53
1 19
45 14
91 63
43 40
92 76
81 79
75 84
59 100
86 87
75 96
77 100
93 66
58 56
65 71
72 56
83 83
76 97
99 55
18 22
6 53
96 62
75 66
33 53
21 27
53 45
46 49
37 16
42 55
48 4
81 65
59 60
47 29
72 75
40 1
21 53
81 70
95 76
63 84
97 81
46 50
53 7
84 58
26 34
61 72
68 98
65 92
7 5
50 54
14 28
72 63
30 13
86 94
20 39
21 8
72 82
86 65
74 64
68 90
40 36
21 52
37 8
58 63
24 26
32 46
38 5
80 57
32 34
84 84
30 7
71 81
49 51
82 91
94 83
60 74
35 9
73 62
43 8
17 14
44 19
55 54
64 81
75 68
38 20
87 88
84 60
84 81
100 67
13 2
74 87
41 45
72 90
92 58
32 11
4 14
73 68
84 91
77 84
81 76
73 95
55 71
89 83
45 7
65 93
9 23
41 39
45 18
99 85
4 49
11 39
81 67
63 61
50 11
74 78
84 71
63 80
76 78
100 91
48 41
49 5
32 2
1 18
74 58
30 15
49 45
94 71
55 12
96 70
62 95
12 16
5 16
1 12
74 73
56 70
54 8
66 84
31 45
28 27
61 71
71 90
83 78
59 80
74 94
49 31
52 6
11 21
29 5
17 31
21 19
78 67
46 29
96 65
37 21
95 64
99 62
71 69
99 96
98 85
80 84
85 55
63 75
29 43
12 25
2 3
60 76
23 48
100 85
25 31
15 44
4 44
76 67
46 16
66 72
38 13
82 97
79 90
66 66
12 43
7 2
21 48
39 21
47 55
14 37
33 48
8 47
2 46
1 52
58 86
86 59
27 4
71 56
39 15
11 22
16 10
51 10
32 39
64 90
7 44
30 25
78 59
83 56
66 80
20 46
58 95
51 44
61 98
13 11
34 46
40 16
68 80
